1651
6036
3035
137
415
3012
1138
649837
102
40772
13524
438
2800
9079
161
525
8090
43129
1425
432
2282
1891089
805672
651
277
12898
145
651
561
2898734
11426
364
640
2590
717
221824
194
370454
7633
28
1627
544
691
3568
1991
8843
3677
2202
9848
588
3948
655
15228
7492
8874
8328
206
1519
107
1628
806
690
11891
193
8014
1496
248324
1438
1280
7745
1093161
2465
237
1130
276
33818
89
10436
34
4160
954
1090
1737
8708
12
231
11159
291
913
613
313114
404
528
647
639
520
1918
191
1259396
1067
6926
3145458
12171
654
715
1582
729
522
437
2016
658
35
628257
1254
1699
119
1397
6561
363475
7355
223
64
307
4220
4138
2631
436
2062
376356
338
708
1543
747
5431
15422
3579
20395
925157
150
40
570
9302
187
398616
100569
2458
172
13793
204
36929
35227
240744
1904
1902699
1381
1967
42559
9219
18241
2561
6655
9711
1227
7853
517
2143
626
2504
354
195
1242
1139
403326
446
1217
2293
2298
8043
37983
15
526
1931
9331
1734
1648
1255
144
333
1398057
1710
1093161
381
490
9610
4071842
858
839
1975
789
19562
15096
18767
498821
232
1988
805
356
7601
8347
3248638
3583
7657
730545
78
942369
97
2347
491
1334602
680848
709
7796
2621
605784
400
3493
507
326
3311753
14933
604
88
63
8937
9876
1652
7395
124
7413
3248638
8416
852160
711
1384
5432
162
3630
2785
2001
11671
403
483
2744
211
6774
279
750928
13785
2020
1155
1281
246
14655
607
18435
426
13140
348
17
11296
2187
49
2080
1350
599
3736
53
222
559
11809
225
221
266
546
340
13640
981
2602
1557
138296
488
30
1342
263
207
7124
479
1540
11303
656
2899
383
2074
2094
1336
1843
18055
1467
634
365
83
7790
930
1644
295128
358
282
683
2703
1260
377
65
2452
344
2941
40260
2944
3779
611
8437
278
330
1017414
13542
355
2159858
14616
1337673
5828
6092
506
2341
732
2328
2104316
1744
911897
55
508
704
1302
6995
333508
487
22279
2063
197
427189
3571
859
4156
11042
1166198
762
1762
13990
6135
1122768
1256
183
9253
736
567
16719
4241
74
350350
753
434
19
7
3776
970297
2116
107161
199620
610
12994
15015
4501
140233
7224
1391
54
2089
5367
15316
7144
44
7865
1911
877317
1103041
730
590
703
1603125
2616
13758
1395
3306
386
420685
465818
398
2195
2937
1624
2133
42751
9522
1026712
1070099
18171
199
57
4033
1679
16462
3635
158
23128
3890
578
6956
180
1093046
682
1568
4314
489
12667
43266
9466
2067
493
4143192
136736
2612822
1864
37824
12152
321
120
35963
212
755
218
2534
9818
427
5406
797
2770
877
239
362
1372188
2550530
7594
890
9222
1033056
31
305
405
2938629
42426
1767
669
129
11895
9937
3493
1838
2053
8229
1269885
5319
2379
1091
460
4518
4220
534
260
530
248
2938629
7127
4378962
